000000000000000000000000000000000000000000000000000000000000000000000000000
011111111111111111111111111111111111111111111111111111111111111111111111110
011111111111111111111111111111111111111111111111111111111111111111111111110
011                                                                     110
011                                                                     110
011                                                                     110
011                                                                     110
011                                                                     110
011                                                                     110
011                                                                     110
011                                                                     110
011                                                                     110
011                                                                     110
011                                                                     110
011                                                                     110
011                                                                     110
011                                                                     110
011                                                                     110
011                                                                     110
011                                                                     110
011                                                  13             c   110
011                                                  46    13   122223  110
011          1223        13         ss css           46    46   788889  110
011        12555523     15523     12222223     13    46    46           110
011      12555555553  12555553 122555555553    46    46ssss453          110
011222222222222222222222222222222222222222222222222222222222222222222222110
011555555555555555555555555555555555555555555555555555555555555555555555110
011555555555555555555555555555555555555555555555555555555555555555555555110
011555555555555555555555555555555555555555555555555555555555555555555555110
011555555555555555555555555555555555555555555555555555555555555555555555110
000000000000000000000000000000000000000000000000000000000000000000000000000


